FASTX   1.4     2.677319049835205       2.6287918090820312      2.680746078491211
DataFrames      1.4     9.315728902816772       9.35480809211731        9.265679121017456
Plots   1.4     19.038294076919556      19.146366119384766      18.980998992919922
JSON3   1.4     2.0334360599517822      2.069153070449829       2.066061019897461
JuliaFormatter  1.4     11.42366886138916       11.499655961990356      11.482776165008545
FASTX   1.5     2.8199100494384766      2.8058340549468994      2.8080289363861084
DataFrames      1.5     6.721310138702393       6.729319095611572       6.722886085510254
Plots   1.5     14.919665813446045      14.959641933441162      14.913357019424438
JSON3   1.5     2.6109321117401123      2.634429931640625       2.6430609226226807
JuliaFormatter  1.5     14.020094156265259      14.001788139343262      14.012027978897095
FASTX   1.6     1.1428420543670654      1.135986089706421       1.1332380771636963
DataFrames      1.6     9.956552028656006       9.811767101287842       9.80941390991211
Plots   1.6     10.646901845932007      10.950695037841797      10.719881057739258
JSON3   1.6     2.64874005317688        2.727431058883667       2.612555980682373
JuliaFormatter  1.6     15.776085138320923      15.726155042648315      15.61517596244812
FASTX   1.7     1.077430009841919       1.0870192050933838      1.0905230045318604
DataFrames      1.7     25.062602043151855      24.902523040771484      24.90494203567505
Plots   1.7     11.815107107162476      11.825244903564453      11.81403398513794
JSON3   1.7     3.1798031330108643      3.1539361476898193      3.1531639099121094
JuliaFormatter  1.7     15.234200954437256      15.240524053573608      15.209688186645508
FASTX   1.8     1.1099720001220703      1.1083080768585205      1.104997158050537
DataFrames      1.8     12.719525814056396      12.799594163894653      12.87415099143982
Plots   1.8     11.673417091369629      11.697825193405151      11.661043882369995
JSON3   1.8     1.8304049968719482      1.814345121383667       1.817289113998413
JuliaFormatter  1.8     11.595843076705933      11.567328929901123      11.599200010299683
FASTX   1.9     0.7174909114837646      0.7183690071105957      0.7175478935241699
DataFrames      1.9     3.179935932159424       3.1423709392547607      3.1650569438934326
Plots   1.9     3.0369138717651367      3.0326452255249023      3.0465989112854004
JSON3   1.9     0.5351030826568604      0.5347530841827393      0.5125210285186768
JuliaFormatter  1.9     0.879357099533081       0.88047194480896        0.9029748439788818
